160 11111
166 11110
21 111011
79 111010111
77 111010110
127 111010101
122 111010100
221 1110100
202 1110011
143 1110010
225 1110001
214 1110000
162 11011
10 11010
161 11001
20 110001
51 11000011
55 11000010
22 1100000
228 1011111
218 10111101
70 10111100
249 101110
208 101101
175 101100
11 10101
155 10100
164 10011
233 100101
146 1001001
2 1001000
8 10001
58 1000011
207 1000010
149 100000
32 01111111
125 0111111011
119 0111111010
124 01111110011
54 01111110010
111 01111110001
255 0111111000011
136 01111110000101
129 011111100001001
89 0111111000010001
44 01111110000100001
43 011111100001000001
0 01111110000100000011
112 01111110000100000010
118 01111110000100000001
254 01111110000100000000
120 011111100000
61 0111110
15 011110
163 01110
238 011011
234 011010
220 0110011
191 0110010
39 01100011
49 0110001011
97 0110001010
82 011000100
62 01100001
86 01100000
137 010111111
1 010111110
115 01011110111
117 01011110110
113 01011110101
95 01011110100
98 01011110011
91 01011110010
116 0101111000
19 0101110
53 010110111
105 010110110
104 0101101011
107 0101101010
46 010110100
38 010110011
76 010110010
78 010110001
71 010110000
73 010101111
135 010101110
96 01010110
206 0101010
187 010100
185 010011
42 01001011111
83 01001011110
128 01001011101
130 01001011100
114 010010110
102 0100101011
100 0100101010
93 0100101001
92 0100101000
110 0100100111
108 0100100110
106 0100100101
99 0100100100
80 0100100011
133 0100100010
69 0100100001
94 01001000001
41 01001000000
4 01000
14 001111
63 0011101
35 00111001
57 00111000
168 00110
241 001011
171 001010
239 001001
205 0010001
197 0010000
184 000111
178 000110
217 0001011
60 0001010
176 000100
183 000011
142 0000101
227 0000100
247 000001
153 000000
5 11111
235 111101
204 1111001
23 1111000
186 1110111
209 1110110
232 111010
194 1110011
230 1110010
173 111000
182 110111
181 110110
16 110101
13 110100
246 1100111
201 1100110
170 110010
231 1100011
198 1100010
212 1100001
188 1100000
237 101111
150 101110
180 101101
151 101100
210 1010111
192 1010110
224 10101011
24 10101010
30 10101001
29 10101000
68 101001111
66 101001110
222 101001101
48 101001100
87 101001011
88 101001010
85 101001001
36 101001000
26 10100011
74 101000101
141 101000100
34 10100001
64 10100000
72 10011111
31 100111101
75 100111100
216 1001110
154 100110
6 10010
242 1000111
145 1000110
172 100010
245 1000011
190 1000010
3 100000
203 0111111
17 0111110
159 011110
7 01110
156 011011
223 0110101
244 0110100
195 0110011
215 0110010
152 011000
211 0101111
27 0101110
140 01011011
33 01011010
18 0101100
12 010101
251 0101001
250 0101000
213 0100111
25 01001101
199 01001100
177 010010
174 010001
165 010000
179 001111
147 0011101
144 0011100
9 00110
248 0010111
226 0010110
236 0010101
193 0010100
158 001001
157 001000
167 000111
252 0001101
240 0001100
56 00010111
101 0001011011
50 0001011010
67 000101100
253 0001010111
123 0001010110
139 0001010101
138 0001010100
132 0001010011
134 0001010010
28 000101000
196 00010011
59 00010010
131 000100011
65 000100010
200 00010000
219 00001111
47 0000111011
103 0000111010
45 0000111001
90 0000111000
126 0000110111
121 0000110110
109 0000110101
52 0000110100
40 0000110011
84 0000110010
37 0000110001
81 0000110000
243 0000101
148 0000100
169 000001
189 0000001
229 0000000
